version https://git-lfs.github.com/spec/v1
oid sha256:d648d1fdc17be27dc9d40e8f0d9d4b7ed3ab23d8e1b88fb8e4ec31245a22590b
size 310975
